78
NULL 0 Common 0
Joined 7 0,255,0,255,0,0,0,0,0,0 Latin 1 0 1 Joined	# Joined [4a 6f 69 6e 65 64 ]a
|Broken|0|1 15 0,255,0,255,0,0,0,0,0,0 Common 2 10 2 |Broken|0|1	# Broken
N 5 0,255,0,255,0,0,0,0,0,0 Latin 3 0 3 N	# N [4e ]A
® 0 0,255,0,255,0,0,0,0,0,0 Common 4 10 4 ®	# ® [ae ]
O 5 0,255,0,255,0,0,0,0,0,0 Latin 54 0 5 O	# O [4f ]A
M 5 0,255,0,255,0,0,0,0,0,0 Latin 67 0 6 M	# M [4d ]A
B 5 0,255,0,255,0,0,0,0,0,0 Latin 7 0 7 B	# B [42 ]A
R 5 0,255,0,255,0,0,0,0,0,0 Latin 8 0 8 R	# R [52 ]A
E 5 0,255,0,255,0,0,0,0,0,0 Latin 9 0 9 E	# E [45 ]A
T 5 0,255,0,255,0,0,0,0,0,0 Latin 59 0 10 T	# T [54 ]A
I 5 0,255,0,255,0,0,0,0,0,0 Latin 11 0 11 I	# I [49 ]A
P 5 0,255,0,255,0,0,0,0,0,0 Latin 12 0 12 P	# P [50 ]A
C 5 0,255,0,255,0,0,0,0,0,0 Latin 47 0 13 C	# C [43 ]A
A 5 0,255,0,255,0,0,0,0,0,0 Latin 22 0 14 A	# A [41 ]A
G 5 0,255,0,255,0,0,0,0,0,0 Latin 70 0 15 G	# G [47 ]A
S 5 0,255,0,255,0,0,0,0,0,0 Latin 61 0 16 S	# S [53 ]A
1 8 0,255,0,255,0,0,0,0,0,0 Common 17 2 17 1	# 1 [31 ]0
Y 5 0,255,0,255,0,0,0,0,0,0 Latin 66 0 18 Y	# Y [59 ]A
V 5 0,255,0,255,0,0,0,0,0,0 Latin 19 0 19 V	# V [56 ]A
L 5 0,255,0,255,0,0,0,0,0,0 Latin 20 0 20 L	# L [4c ]A
, 16 0,255,0,255,0,0,0,0,0,0 Common 21 6 21 ,	# , [2c ]p
a 3 0,255,0,255,0,0,0,0,0,0 Latin 14 0 22 a	# a [61 ]a
2 8 0,255,0,255,0,0,0,0,0,0 Common 23 2 23 2	# 2 [32 ]0
X 5 0,255,0,255,0,0,0,0,0,0 Latin 65 0 24 X	# X [58 ]A
U 5 0,255,0,255,0,0,0,0,0,0 Latin 55 0 25 U	# U [55 ]A
D 5 0,255,0,255,0,0,0,0,0,0 Latin 75 0 26 D	# D [44 ]A
3 8 0,255,0,255,0,0,0,0,0,0 Common 27 2 27 3	# 3 [33 ]0
H 5 0,255,0,255,0,0,0,0,0,0 Latin 60 0 28 H	# H [48 ]A
K 5 0,255,0,255,0,0,0,0,0,0 Latin 29 0 29 K	# K [4b ]A
4 8 0,255,0,255,0,0,0,0,0,0 Common 30 2 30 4	# 4 [34 ]0
Z 5 0,255,0,255,0,0,0,0,0,0 Latin 42 0 31 Z	# Z [5a ]A
5 8 0,255,0,255,0,0,0,0,0,0 Common 32 2 32 5	# 5 [35 ]0
W 5 0,255,0,255,0,0,0,0,0,0 Latin 53 0 33 W	# W [57 ]A
F 5 0,255,0,255,0,0,0,0,0,0 Latin 34 0 34 F	# F [46 ]A
6 8 0,255,0,255,0,0,0,0,0,0 Common 35 2 35 6	# 6 [36 ]0
J 5 0,255,0,255,0,0,0,0,0,0 Latin 36 0 36 J	# J [4a ]A
? 16 0,255,0,255,0,0,0,0,0,0 Common 37 10 37 ?	# ? [3f ]p
8 8 0,255,0,255,0,0,0,0,0,0 Common 38 2 38 8	# 8 [38 ]0
9 8 0,255,0,255,0,0,0,0,0,0 Common 39 2 39 9	# 9 [39 ]0
0 8 0,255,0,255,0,0,0,0,0,0 Common 40 2 40 0	# 0 [30 ]0
© 0 0,255,0,255,0,0,0,0,0,0 Common 41 10 41 ©	# © [a9 ]
z 3 0,255,0,255,0,0,0,0,0,0 Latin 31 0 42 z	# z [7a ]a
‘ 16 0,255,0,255,0,0,0,0,0,0 Common 43 10 43 '	# ‘ [2018 ]p
- 16 0,255,0,255,0,0,0,0,0,0 Common 44 3 44 -	# - [2d ]p
. 16 0,255,0,255,0,0,0,0,0,0 Common 45 6 45 .	# . [2e ]p
’ 16 0,255,0,255,0,0,0,0,0,0 Common 46 10 46 '	# ’ [2019 ]p
c 3 0,255,0,255,0,0,0,0,0,0 Latin 13 0 47 c	# c [63 ]a
Q 5 0,255,0,255,0,0,0,0,0,0 Latin 58 0 48 Q	# Q [51 ]A
— 16 0,255,0,255,0,0,0,0,0,0 Common 49 10 49 -	# — [2014 ]p
7 8 0,255,0,255,0,0,0,0,0,0 Common 50 2 50 7	# 7 [37 ]0
° 0 0,255,0,255,0,0,0,0,0,0 Common 51 4 51 °	# ° [b0 ]
~ 0 0,255,0,255,0,0,0,0,0,0 Common 52 10 52 ~	# ~ [7e ]
w 3 0,255,0,255,0,0,0,0,0,0 Latin 33 0 53 w	# w [77 ]a
o 3 0,255,0,255,0,0,0,0,0,0 Latin 5 0 54 o	# o [6f ]a
u 3 0,255,0,255,0,0,0,0,0,0 Latin 25 0 55 u	# u [75 ]a
( 16 0,255,0,255,0,0,0,0,0,0 Common 56 10 68 (	# ( [28 ]p
: 16 0,255,0,255,0,0,0,0,0,0 Common 57 6 57 :	# : [3a ]p
q 3 0,255,0,255,0,0,0,0,0,0 Latin 48 0 58 q	# q [71 ]a
t 3 0,255,0,255,0,0,0,0,0,0 Latin 10 0 59 t	# t [74 ]a
h 3 0,255,0,255,0,0,0,0,0,0 Latin 28 0 60 h	# h [68 ]a
s 3 0,255,0,255,0,0,0,0,0,0 Latin 16 0 61 s	# s [73 ]a
' 16 0,255,0,255,0,0,0,0,0,0 Common 62 10 62 '	# ' [27 ]p
= 0 0,255,0,255,0,0,0,0,0,0 Common 63 10 63 =	# = [3d ]
« 16 0,255,0,255,0,0,0,0,0,0 Common 64 10 0 «	# « [ab ]p
x 3 0,255,0,255,0,0,0,0,0,0 Latin 24 0 65 x	# x [78 ]a
y 3 0,255,0,255,0,0,0,0,0,0 Latin 18 0 66 y	# y [79 ]a
m 3 0,255,0,255,0,0,0,0,0,0 Latin 6 0 67 m	# m [6d ]a
) 16 0,255,0,255,0,0,0,0,0,0 Common 68 10 56 )	# ) [29 ]p
} 16 0,255,0,255,0,0,0,0,0,0 Common 69 10 0 }	# } [7d ]p
g 3 0,255,0,255,0,0,0,0,0,0 Latin 15 0 70 g	# g [67 ]a
! 16 0,255,0,255,0,0,0,0,0,0 Common 71 10 71 !	# ! [21 ]p
@ 16 0,255,0,255,0,0,0,0,0,0 Common 72 10 72 @	# @ [40 ]p
$ 0 0,255,0,255,0,0,0,0,0,0 Common 73 4 73 $	# $ [24 ]
& 16 0,255,0,255,0,0,0,0,0,0 Common 74 10 74 &	# & [26 ]p
d 3 0,255,0,255,0,0,0,0,0,0 Latin 26 0 75 d	# d [64 ]a
_ 16 0,255,0,255,0,0,0,0,0,0 Common 76 10 76 _	# _ [5f ]p
“ 16 0,255,0,255,0,0,0,0,0,0 Common 77 10 77 "	# “ [201c ]p
